Final Population
50
0.166712 1905  6 18 14 9 20 21 0 
0.166712 1905  6 18 14 9 20 21 0 
0.166712 1905  6 18 14 9 20 21 0 
0.166712 1905  6 18 14 9 20 21 0 
0.166712 1904  6 18 14 8 20 21 0 
0.166712 1896  6 18 14 0 20 21 0 
0.16664 1887  6 0 14 9 20 21 0 
0.166567 1904  6 17 14 9 20 21 0 
0.166567 1904  6 17 14 9 20 21 0 
0.166514 1876  6 17 13 8 20 21 0 
0.166488 1860  6 12 14 9 19 21 0 
0.166487 1852  6 4 14 9 19 21 0 
0.166388 1865  6 17 14 9 19 21 0 
0.166388 1864  6 17 14 8 19 21 0 
0.166388 1856  6 17 14 0 19 21 0 
0.16611 1836  6 18 13 8 20 20 0 
0.16611 1836  6 18 13 8 20 20 0 
0.16611 1836  6 18 13 8 20 20 0 
0.165924 1835  6 17 13 8 20 20 0 
0.165924 1835  6 17 13 8 20 20 0 
0.165924 1835  6 17 13 8 20 20 0 
0.165924 1827  6 17 13 0 20 20 0 
0.165924 1827  6 17 13 0 20 20 0 
0.165903 1810  6 17 12 8 20 20 0 
0.165903 1809  6 17 12 7 20 20 0 
0.165777 1796  6 17 13 8 19 20 0 
0.165777 1788  6 17 13 0 19 20 0 
0.165773 1771  6 17 12 8 19 20 0 
0.165773 1824  6 17 14 9 19 20 0 
0.165773 1824  6 17 14 9 19 20 0 
0.16576 1786  6 17 14 8 18 20 0 
0.165756 1755  6 16 13 7 19 19 0 
0.165722 1744  6 15 14 7 18 19 0 
0.165696 1709  6 16 14 8 18 18 0 
0.165683 1758  6 17 13 9 19 19 0 
0.165683 1758  6 17 13 9 19 19 0 
0.165668 1694  6 17 12 7 18 19 0 
0.16564 1683  6 17 13 8 18 18 0 
0.165638 1747  6 17 14 8 18 19 0 
0.165638 1747  6 17 14 8 18 19 0 
0.165578 1653  6 0 12 18 17 19 0 
0.165569 1714  6 2 13 17 18 19 0 
0.165569 1714  6 2 13 17 18 19 0 
0.165569 1712  6 0 13 17 18 19 0 
0.165569 1712  6 0 13 17 18 19 0 
0.165494 1340  6 17 16 0 19 9 4 
0.165494 1340  6 17 16 0 19 9 4 
0.165494 1340  6 17 16 0 19 9 4 
0.165494 1374  6 17 16 0 19 8 3 
0.165494 1259  6 17 16 0 19 0 4 




[BELLEROPHON INFO] Final Archive
13
0.166712 1905  6 18 14 9 20 21 0 
0.166567 1904  6 17 14 9 20 21 0 
0.166514 1876  6 17 13 8 20 21 0 
0.166388 1865  6 17 14 9 19 21 0 
0.16611 1836  6 18 13 8 20 20 0 
0.165924 1835  6 17 13 8 20 20 0 
0.165773 1824  6 17 14 9 19 20 0 
0.16576 1786  6 17 14 8 18 20 0 
0.165683 1758  6 17 13 9 19 19 0 
0.165638 1747  6 17 14 8 18 19 0 
0.165569 1714  6 2 13 17 18 19 0 
0.165494 1374  6 17 16 0 19 8 3 
0.165494 1259  6 17 16 0 19 0 4 


