Final Population
50
1.79769e+308 29  4 9 7 7 6 
1.79769e+308 29  4 9 7 7 6 
1.79769e+308 28  4 9 6 7 6 
1.79769e+308 27  4 8 7 6 6 
1.79769e+308 27  4 9 5 7 6 
1.79769e+308 26  4 8 6 7 5 
1.79769e+308 26  4 9 3 8 6 
1.79769e+308 25  4 1 9 9 6 
1.79769e+308 25  4 1 9 9 6 
1.79769e+308 24  4 8 5 6 5 
1.79769e+308 24  4 7 5 7 5 
1.79769e+308 23  4 9 0 8 6 
1.79769e+308 23  4 9 0 8 6 
1.79769e+308 22  4 9 0 7 6 
1.79769e+308 22  4 0 8 8 6 
1.79769e+308 21  4 9 0 7 5 
1.79769e+308 21  4 7 5 6 3 
1.79769e+308 20  4 2 8 8 2 
1.79769e+308 19  4 0 6 7 6 
1.79769e+308 19  4 9 2 2 6 
1.79769e+308 18  4 2 8 8 0 
1.79769e+308 18  4 2 8 8 0 
1.79769e+308 17  4 0 5 7 5 
1.79769e+308 17  4 8 0 8 1 
1.62202 16  4 9 0 0 7 
1.62202 16  4 9 0 0 7 
1.60198 15  4 9 0 0 6 
1.58994 14  4 8 0 0 6 
1.5763 14  4 7 0 1 6 
1.56156 13  4 8 0 0 5 
1.56156 13  4 8 0 0 5 
1.51981 12  4 8 0 0 4 
1.44801 11  4 8 0 0 3 
1.44801 11  4 8 0 0 3 
0.890651 10  4 9 1 0 0 
0.890651 9  4 9 0 0 0 
0.878614 9  4 8 0 0 1 
0.848657 8  4 1 1 1 5 
0.848657 8  4 1 1 1 5 
0.848657 6  4 1 0 0 5 
0.848657 5  4 0 0 0 5 
0.806912 7  4 1 1 1 4 
0.59318 4  4 1 0 1 2 
0.165715 3  4 1 0 1 1 
0.165715 2  4 1 0 0 1 
0.165715 2  4 1 0 1 0 
0.165715 1  4 1 0 0 0 
0.165715 1  4 1 0 0 0 
0.165715 0  4 0 0 0 0 
0.165715 0  4 0 0 0 0 




[BELLEROPHON INFO] Final Archive
13
1.79769e+308 29  4 9 7 7 6 
1.62202 16  4 9 0 0 7 
1.60198 15  4 9 0 0 6 
1.5763 14  4 7 0 1 6 
1.56156 13  4 8 0 0 5 
1.51981 12  4 8 0 0 4 
1.44801 11  4 8 0 0 3 
0.890651 10  4 9 1 0 0 
0.878614 9  4 8 0 0 1 
0.848657 8  4 1 1 1 5 
0.806912 7  4 1 1 1 4 
0.59318 4  4 1 0 1 2 
0.165715 3  4 1 0 1 1 


