0.526827 108  6 21 20 22 11 20 14 
0.526827 105  6 20 20 21 11 19 14 
0.526827 102  6 21 22 17 10 14 18 
0.526827 100  6 21 22 17 10 13 17 
0.526827 98  6 21 21 16 9 13 18 
0.526827 95  6 10 12 20 18 17 18 
0.526827 92  6 21 22 17 0 14 18 
0.526827 90  6 14 12 21 14 13 16 
0.526827 88  6 20 20 14 9 11 14 
0.526827 85  6 13 11 20 13 13 15 
0.526827 84  6 21 22 17 10 14 0 
0.526827 82  6 21 22 16 10 13 0 
0.526827 80  6 18 17 0 18 13 14 
0.526827 78  6 9 14 17 10 16 12 
0.526827 77  6 19 18 12 0 13 15 
0.526827 75  6 17 17 11 5 13 12 
0.526827 73  6 16 13 8 20 14 2 
0.526827 72  6 0 20 15 10 12 15 
0.526827 71  6 16 17 11 4 12 11 
0.526827 68  6 15 12 7 16 13 5 
0.526827 67  6 17 13 7 10 6 14 
0.526827 65  6 17 13 9 8 5 13 
0.526827 64  6 11 15 8 6 15 9 
0.526827 62  6 16 14 7 0 14 11 
0.526827 61  6 17 16 1 16 11 0 
0.526827 58  6 18 0 8 18 0 14 
0.526827 57  6 16 13 7 2 13 6 
0.526827 55  6 0 15 5 20 0 15 
0.526827 53  6 12 0 19 4 13 5 
0.526827 51  6 12 0 18 4 12 5 
0.526827 50  6 15 12 8 3 6 6 
0.526827 48  6 12 0 19 4 13 0 
0.526827 46  6 17 4 18 3 0 4 
0.526827 44  6 12 0 12 4 9 7 
0.526827 42  6 13 11 0 11 5 2 
0.526827 38  6 0 7 8 8 9 6 
0.526827 35  6 0 12 8 3 6 6 
0.526827 34  6 2 14 6 5 7 0 
0.526827 32  6 4 0 0 19 6 3 
0.526827 27  6 8 2 0 2 11 4 
0.526827 25  6 5 3 7 0 6 4 
0.526827 24  6 0 1 10 2 7 4 
0.526827 22  6 4 2 7 0 5 4 
0.526827 19  6 11 1 1 0 2 4 
0.526827 18  6 5 0 6 1 4 2 
0.526827 16  6 4 3 0 0 6 3 
0.526827 14  6 6 2 1 1 1 3 
0.526827 12  6 0 3 0 0 2 7 
0.526827 10  6 5 1 0 1 1 2 
0.526827 5  6 0 3 2 0 0 0 




[BELLEROPHON INFO] Final Archive
1
0.526827 108  6 21 20 22 11 20 14 

